----------------------------------------------------------------------------------------------------------------------------------------------------------------------------------------------------------------------------------------------------------------------
Point ID                  | Test Point (x,y,z)                  | Potential                 | Acceleration (gx,gy,gz)                                           | Tensor (xx,xy,xz,yy,yz,zz)                                                                          
----------------------------------------------------------------------------------------------------------------------------------------------------------------------------------------------------------------------------------------------------------------------
Exterior (original)       | (2, 2, 2)                           | -2.51805451350391e+00     | (-8.17651696955675e-01, -4.40972242045949e-01, -4.40972242045948e-01) | (3.75525132159857e-01, 4.30785181241304e-01, 4.30785181241304e-01, -1.87762566081769e-01, 2.33817995562185e-01, -1.87762566081769e-01)
Exterior (shifted)        | (2.0000000001e+00, 2.0000000001e+00, 2.0000000001e+00) | -2.51805451333395e+00     | (-8.17651696831967e-01, -4.40972241998263e-01, -4.40972241998264e-01) | (3.75525132058400e-01, 4.30785181157896e-01, 4.30785181157895e-01, -1.87762566031040e-01, 2.33817995526478e-01, -1.87762566031041e-01)
On Extended Edge (original) | (2, 2, 0)                           | -2.55991737388844e+00     | (-8.58771048972737e-01, -4.62551889792142e-01, 4.18031029123070e-01) | (4.23161588051211e-01, 4.65465504072122e-01, -4.19352510748626e-01, -1.87980646901283e-01, -2.25433112304295e-01, -2.35180941154590e-01)
On Extended Edge (shifted) | (2.0000000001e+00, 2.0000000001e+00, 1.0000000000e-10) | -2.55991737379811e+00     | (-8.58771048925808e-01, -4.62551889786937e-01, 4.18031029035074e-01) | (4.23161588033905e-01, 4.65465504057221e-01, -4.19352510652422e-01, -1.87980646852383e-01, -2.25433112262506e-01, -2.35180941186184e-01)
Interior (original)       | (1/3, 1/6, 1/6)                     | -5.40733175603763e+00     | (-1.57720883660473e+00, 3.12113305382843e+00, 3.12113305382843e+00) | (-5.24833627396341e+00, 1.21448476288274e+00, 1.21448476288275e+00, -3.65901717001281e+00, 4.95931416201003e-01, -3.65901717001281e+00)
Interior (shifted)        | (3.3333333343e-01, 1.6666666677e-01, 1.6666666677e-01) | -5.40733175650414e+00     | (-1.57720883688667e+00, 3.12113305363357e+00, 3.12113305363357e+00) | (-5.24833627327061e+00, 1.21448476246926e+00, 1.21448476246926e+00, -3.65901717035920e+00, 4.95931415712620e-01, -3.65901717035920e+00)
Vertex (original)         | (1, 1, 0)                           | -4.65506483985404e+00     | (-2.79142105613444e+00, -1.45649745567494e-01, 2.79142105613444e+00) | (-1.45681170266973e+00, -9.08258005395697e-02, 1.74062709185392e+00, 2.79076457931568e-01, 9.08257821888167e-02, -1.45681099922971e+00)
Vertex (shifted)          | (1.0000000001e+00, 1.0000000001e+00, 1.0000000000e-10) | -4.65506483983947e+00     | (-2.79142105910366e+00, -1.45649748399854e-01, 2.79142105514150e+00) | (3.47590584759075e+00, -8.90858432326469e+00, -2.31478104793314e+01, -1.85710478212437e+01, 3.57088327891133e-01, 1.41616121603080e+01)
On Edge (original)        | (1/2, 1/2, 0)                       | -5.36439277872945e+00     | (-1.84086282093769e+00, 1.84086282093769e+00, 3.88440468705468e+00) | (-1.88823507887945e+00, -8.82554359965061e-01, 3.57702711973389e-02, -1.88823507887945e+00, -3.57702711973383e-02, -1.04725650623240e+00)
On Edge (shifted)         | (5.0000000007e-01, 5.0000000007e-01, 0.0000000000e+00) | -5.36439277872944e+00     | (-1.84086282113362e+00, 1.84086282074177e+00, 3.88440468705468e+00) | (-1.88823508037525e+00, -8.82554358274670e-01, 3.57702815807670e-02, -1.88823508076444e+00, -3.57702819913809e-02, -1.04725657165521e+00)
On Face (original)        | (2/3, 1/3, 1/3)                     | -5.66960578005568e+00     | (-2.78106414934230e+00, 2.78106414934230e+00, 2.78106414934230e+00) | (5.69132900529734e-11, -3.30157901643146e+00, -3.30157901643146e+00, 5.69131825001179e-11, 3.30157901643146e+00, 5.69144870121718e-11)
On Face (shifted)         | (6.6666666674e-01, 3.3333333340e-01, 3.3333333333e-01) | -5.66960578005568e+00     | (-2.78106414957575e+00, 2.78106414910884e+00, 2.78106414934230e+00) | (2.63304059111569e-10, -3.30157901643146e+00, -3.30157901666514e+00, -1.49476535316051e-10, 3.30157901619779e+00, 5.69142233342035e-11)
On Extended Face (original) | (5/3, 1/3, 1/3)                     | -3.35628642862430e+00     | (-1.60295940665686e+00, 6.10100766783765e-01, 6.10100766783765e-01) | (1.29870865399678e+00, -8.71064463337299e-01, -8.71064463337299e-01, -6.49354327017679e-01, 3.09865881881867e-01, -6.49354327017679e-01)
On Extended Face (shifted) | (1.6666666668e+00, 3.3333333343e-01, 3.3333333343e-01) | -3.35628642858603e+00     | (-1.60295940670120e+00, 6.10100766662709e-01, 6.10100766662710e-01) | (1.29870865418701e+00, -8.71064463193667e-01, -8.71064463193667e-01, -6.49354327112795e-01, 3.09865881757891e-01, -6.49354327112795e-01)
----------------------------------------------------------------------------------------------------------------------------------------------------------------------------------------------------------------------------------------------------------------------
